[gd_scene load_steps=2 format=3 uid="uid://meov7tr0ge3w"]

[ext_resource type="PackedScene" uid="uid://d2dej67fhd55p" path="res://prefabs/Weapon/Bullets/shotgun_bullet.tscn" id="1_oobcc"]

[node name="Shotgun bullets" type="Node3D"]
transform = Transform3D(-4.37114e-08, 0, 1, 0, 1, 0, -1, 0, -4.37114e-08, 0, 0, 0)
top_level = true

[node name="Shotgun Bullet" parent="." instance=ExtResource("1_oobcc")]
transform = Transform3D(0.999848, 0, -0.0174524, 0, 1, 0, 0.0174524, 0, 0.999848, 0.03, 0, 1.31134e-09)
top_level = false

[node name="Shotgun Bullet2" parent="." instance=ExtResource("1_oobcc")]
transform = Transform3D(0.999848, 0, 0.0174524, 0, 1, 0, -0.0174524, 0, 0.999848, -0.0305939, 0, -1.3373e-09)
top_level = false

[node name="Shotgun Bullet3" parent="." instance=ExtResource("1_oobcc")]
transform = Transform3D(0.999962, 7.61524e-05, 0.0087262, 0, 0.999962, -0.00872654, -0.00872654, 0.0087262, 0.999924, -0.015, 0.03, -6.55671e-10)
top_level = false

[node name="Shotgun Bullet4" parent="." instance=ExtResource("1_oobcc")]
transform = Transform3D(0.999962, -7.61524e-05, -0.0087262, 0, 0.999962, -0.00872654, 0.00872654, 0.0087262, 0.999924, 0.015, 0.03, 6.55671e-10)
top_level = false

[node name="Shotgun Bullet5" parent="." instance=ExtResource("1_oobcc")]
transform = Transform3D(0.999962, -7.61524e-05, 0.0087262, 0, 0.999962, 0.00872654, -0.00872654, -0.0087262, 0.999924, -0.015, -0.03, -6.55671e-10)
top_level = false

[node name="Shotgun Bullet6" parent="." instance=ExtResource("1_oobcc")]
transform = Transform3D(0.999962, 7.61524e-05, -0.0087262, 0, 0.999962, 0.00872654, 0.00872654, -0.0087262, 0.999924, 0.015, -0.03, 6.55671e-10)
top_level = false

[node name="Shotgun Bullet7" parent="." instance=ExtResource("1_oobcc")]
transform = Transform3D(1, 0, 0, 0, 1, 0, 0, 0, 1, 0, 0, 0)
top_level = false
